=================输出各个策略的累计收益，方差，夏普比例====================
Strategy        Eposide return   Return mean(daliy)(%)    Variance      Sharpe ratio
eposide_returns 121
Mti-BDA     |    62.665593        0.522213                0.001206      0.150352   67.000000      0.262365
eposide_returns 121
    BDA     |    62.993963        0.524950                0.002232      0.111107   62.000000      0.188410
eposide_returns 121
     BK     |    -6.399164        -0.053326                0.000190      -0.038724   64.000000      -0.048732
eposide_returns 121
    CRP     |    2.407236        0.020060                0.000117      0.018523   63.000000      0.025970
eposide_returns 121
    ONS     |    2.845106        0.023709                0.000122      0.021459   64.000000      0.031635
eposide_returns 121
  OLMAR     |    -13.910131        -0.115918                0.000513      -0.051174   53.000000      -0.084750
eposide_returns 121
     UP     |    2.444336        0.020369                0.000117      0.018814   63.000000      0.026338
eposide_returns 121
Anticor     |    5.922987        0.049358                0.000170      0.037846   58.000000      0.068151
eposide_returns 121
   PAMR     |    -23.821304        -0.198511                0.000439      -0.094757   55.000000      -0.127047
eposide_returns 121
  CORNK     |    -0.045484        -0.000379                0.000311      -0.000215   63.000000      -0.000263
eposide_returns 121
     M0     |    -0.242391        -0.002020                0.000147      -0.001668   64.000000      -0.002247
eposide_returns 121
    RMR     |    -7.750944        -0.064591                0.000507      -0.028686   57.000000      -0.045286
eposide_returns 121
   CWMR     |    -24.923781        -0.207698                0.000467      -0.096110   53.000000      -0.126199
eposide_returns 121
     EG     |    1.990137        0.016584                0.000114      0.015529   67.000000      0.021233
eposide_returns 121
     SP     |    2.407236        0.020060                0.000117      0.018523   63.000000      0.025970
eposide_returns 121
   UBAH     |    1.762788        0.014690                0.000118      0.013545   63.000000      0.018543
eposide_returns 121
  WMAMR     |    -8.782448        -0.073187                0.000452      -0.034414   55.000000      -0.050651
eposide_returns 121
    AJB     |    5.177949        0.043150                0.000073      0.050463   69.000000      0.069437
eposide_returns 121
    ARE     |    17.506314        0.145886                0.000339      0.079213   64.000000      0.122523
eposide_returns 121
  KAZTF     |    6.233957        0.051950                0.000057      0.068593   67.000000      0.099312